0.2343574630637253 142966847601360
0.7760326076255115 660803245010076
1.2250831927643642 1921421398426066
1.7644479741659378 3255971172968750
2.2158089224649977 3699875949250772
2.7579041330559146 4069219005362404
3.297899013501185 5181028767959462
3.7452693345235186 7035620286563792
4.259535170684639 9242647203607316
4.729063974743529 11264214968790404
5.178954691940639 12227846439612224
5.6770479859802965 12151866996593524
6.26986616958853 10590639091082128
6.729418405455606 8138923712070989
7.189180674337242 5612961662411310
7.828731203686077 3531849537599190
8.28534297734925 2119587547667648
8.740694552925037 1152805581627362
9.285100126676161 705435260605026
9.738351372106303 481120001050164
10.19139258452188 331051412143846
10.734695484946537 273476112026360
11.277893368863916 253024147233142
11.821248777542218 176887179453520
12.273869923928663 175311931844288
12.726543578568753 155175016572920
13.26968895423249 153284719441838
13.72231010061894 151709471832604
14.265613001043599 94134171715118
14.808758376707333 92243874584036
15.261379523093781 90668626974804
15.71400066948023 89093379365570
16.25714604514397 87203082234490
16.70976719153041 85627834625256
17.25291256719415 83737537494176
17.886582172135178 81532190841248
18.42972754779891 79641893710168
18.972872923462653 77751596579088
19.516018299126387 75861299448008
19.968639445512835 74286051838774
